-90 -74 -53 70 -80 52 50 -88 -12 -88 85 -41 67 -54 38 3 10 -46 -66 54 -19 -14 79 -16 -81 -100 82 25 99 52 13 -93 83 -69 53 -71
28 -33 78 -65 28 85 -54 27 -48 46 50 -70 -92 -91 2 -64 68 -31 -27 75 28 68 -19 -60 75 34 17 2 19 28 71 63 -47 25 44 -27
-64 -47 1 -40 -32 -88 -36 44 57 55 -63 -8 84 20 -8 -99 18 78 22 -4 7 -62 45 -62 91 3 -100 98 99 20 76 77 28 25 66 -72
-71 71 70 47 -88 17 -87 40 66 85 1 98 -59 72 -5 85 23 8 -16 -92 35 -82 -83 48 -70 35 65 -88 -87 -76 61 -38 91 36 53 16
-92 89 25 -89 36 -28 -80 -1 -39 -45 1 57 43 -79 -92 1 -93 -21 85 14 17 97 34 -89 100 82 -86 -53 -18 49 11 -28 -78 36 -87 47
1 -55 76 59 70 67 52 -44 91 -2 100 -36 15 -31 23 20 80 -4 6 92 -92 11 -49 67 -64 52 -13 -5 39 14 -47 36 3 22 -56 -23
-11 39 -73 80 -93 -2 21 3 -11 35 -92 -79 -70 46 -24 87 62 27 -54 -6 -12 -63 -75 -55 -43 -38 -57 -20 14 9 -45 50 -86 -17 -30 23
43 -24 51 56 0 80 81 76 -27 9 -65 -28 58 -56 5 -12 -20 -94 66 93 19 69 11 57 -75 47 -4 34 -34 22 89 -47 -76 -68 41 19
-10 -31 -43 52 -1 63 -84 32 -35 -51 85 75 -58 19 -31 27 9 -56 99 88 1 31 91 -31 55 39 -70 -9 29 84 -74 98 3 -66 56 -4
29 -80 -30 7 -97 46 7 -44 69 2 -35 100 73 -34 -77 -92 59 -73 -40 -79 -37 -58 65 4 -63 -57 -4 23 75 -83 40 31 42 -89 88 13
32 -4 65 -71 -55 -74 -58 -54 -89 -36 -53 -84 -71 -32 1 -81 -16 51 14 68 -13 37 -16 68 11 44 -34 -30 -26 36 86 -78 29 1 -66 12
-26 39 44 -41 90 63 -57 30 7 -3 26 -91 90 77 35 38 72 45 55 89 6 -87 77 48 -58 55 -62 -67 -81 -82 28 43 25 -56 -76 38
-45 87 -93 55 -17 -59 -99 18 63 -42 -13 5 -26 8 13 -100 69 18 71 52 -61 55 -58 -55 -52 96 5 -24 89 94 16 -85 48 1 -12 20
68 -5 33 -65 -51 27 -21 93 86 -31 -30 -92 -51 42 -97 -22 -46 6 37 -55 85 1 65 21 -57 -19 -59 -78 -66 10 70 -24 -8 -70 53 -66
57 -13 12 97 -86 75 22 86 -93 77 -51 58 -35 -7 -35 49 36 -55 29 69 54 57 -56 38 -70 -47 30 -11 -51 25 -72 -5 85 72 0 -3
0 -48 10 89 58 29 -27 63 -10 -1 49 33 -80 -73 43 46 91 44 -60 -93 89 3 -32 45 -54 -81 24 96 -37 -68 32 44 -22 95 39 -90
-76 -27 89 -51 -78 -98 98 2 -89 -49 -38 73 -59 50 -65 -1 4 70 -27 -83 -92 -95 -3 -50 66 -53 -70 98 -41 95 -42 -99 61 -34 17 14
54 14 -50 -23 36 -72 3 -47 81 -23 65 -99 -79 -40 51 92 -33 -93 -46 8 -88 9 -40 -8 23 49 47 57 -42 -94 -81 -32 -56 -18 -64 9
75 52 45 -23 94 -50 -38 -29 19 -67 -38 -89 -87 0 -88 9 -29 72 -22 27 -6 -57 -5 88 -1 12 -6 67 46 -82 -4 33 -69 -4 -56 79
36 2 58 65 89 55 1 67 45 88 9 -8 60 -90 53 69 -59 -95 93 58 80 7 52 43 91 -15 81 -58 -9 -61 -73 44 -71 -24 -70 9
-99 84 -94 8 -19 -80 -30 -67 93 36 -76 -59 -62 -42 -31 7 -68 -1 -38 -19 -22 47 -43 4 -50 -1 43 72 21 34 -55 -98 -5 -58 4 -10
19 -26 -80 37 -63 22 -23 -40 0 67 48 -52 -18 69 31 82 77 27 6 47 -36 76 4 -6 9 31 -85 0 80 -90 27 -67 -71 30 -76 -85
-99 -94 -68 74 -4 -61 -48 78 66 1 -100 -19 -7 -28 -61 75 -50 81 -10 86 -30 95 -84 -13 -99 98 73 -43 5 92 28 -26 -42 -61 13 23
94 -92 -1 20 50 92 79 -23 -24 -41 68 -30 44 16 55 21 6 -31 -52 -30 95 85 -92 25 -38 -18 -15 7 84 50 -63 79 56 74 35 -61
56 61 38 -56 -73 -45 -59 51 -21 -29 49 2 4 78 90 -94 1 -78 60 93 -87 -79 21 -57 40 -36 -28 -95 -57 -9 -42 75 73 86 39 -3
-89 98 73 -51 82 -66 -55 8 -77 66 91 32 51 -70 40 31 -83 75 72 -51 43 -43 -46 -63 -27 -64 81 -70 -14 -63 10 95 -80 -91 72 31
-90 -50 24 -18 15 88 -9 80 -72 -63 65 36 16 -28 -41 49 50 -29 -17 -99 -26 -62 -40 83 -85 84 -44 58 46 100 4 -4 18 0 8 48
-48 25 37 83 36 52 -69 -91 98 -44 -57 -8 38 -13 -50 -49 96 90 -13 -9 43 11 -28 -77 -1 -31 85 82 -87 44 76 -55 71 -22 -8 -63
96 -85 -37 -90 41 -63 -38 39 60 -86 78 -63 -29 -62 -72 38 96 36 -33 -49 46 92 -97 37 17 -28 33 -94 -14 -50 1 -26 58 -75 61 30
99 82 -64 11 -1 84 66 -21 53 49 76 -90 -69 -81 -15 -62 -2 -52 -75 -42 16 -71 -42 -26 23 67 -96 -64 -89 -84 -55 -58 54 -60 -83 -57
-45 -77 0 30 -26 -51 4 -25 9 28 -96 8 -23 -85 52 80 75 41 -85 68 -99 67 -81 -17 9 -55 72 -61 -37 -92 -16 15 -74 31 -4 47
-82 11 33 98 78 13 32 34 47 -75 6 44 -81 -76 -55 -99 12 -28 -29 77 -32 -64 -81 -7 17 -46 50 -51 -34 -18 -83 -84 56 73 -88 12
-76 26 65 28 23 -82 51 -40 -49 71 -45 -80 -14 22 -28 34 -7 -50 67 -99 -2 23 69 11 -28 97 -82 20 -53 70 -52 86 -27 3 -33 -56
99 -99 -27 79 78 41 -72 75 -38 99 -9 -50 70 -58 27 -77 -60 83 -29 -67 20 81 24 -42 -22 72 33 82 77 -40 -17 -12 50 -83 25 84
-78 33 96 15 0 -75 54 68 90 12 5 65 -74 46 98 -16 61 -94 7 -1 -54 47 45 -14 2 -100 -15 35 65 73 -1 10 50 29 -11 -64
78 -12 -77 -73 -30 -77 -2 -47 84 -18 95 86 31 -23 60 67 -67 94 -96 89 -78 -42 32 30 77 86 -53 -2 26 -63 74 65 51 67 4 -32
